x
-1 1
1 3.7010498 16.22314453
2 3.50752767 13.31144206
3 3.25463867 9.0078125
4 4.86067708 22.92773438
5 5.03108724 19.69856771
6 4.50406901 18.23404948
7 8.859375 35.19335938
8 8.08463542 33.65039063
9 4.79882813 32.74023438
10 37.50260417 126.93489583
11 12.73177083 45.82552083
12 15.0390625 50.22395833
13 9.6328125 52.328125
14 9.265174030000001 24.29045447
15 8.13321111 22.82535866
16 8.0069664 17.875585
17 13.08431653 28.03819914
18 11.60312687 27.81563082
19 10.60840246 28.69982441
20 19.12289409 38.75656507
21 20.32512144 39.33103746
22 13.14950188 40.66838511
23 36.70358055 100.22594212
24 22.77319138 47.02020039
25 26.35601924 47.72748937
26 21.47280418 49.95471412
27 34.83315617 222.97176366
28 49.99452682 223.43435797
29 48.35534109 177.90278799
30 38.29442056 115.87651786
31 37.53889092 104.39213733
32 43.08586064 95.35853161999999
33 -96.75545932 103.84519109
34 -85.05958551000001 77.04776222
35 -49.85586403 82.27106799000001
36 0.22359803 0.34794185
37 0.33107177 0.49179726
38 0.26316581 0.39732827
